29984
010102104301117
010102104221019
010102104221016
010102104301125
010102104221011
010102104301107
010102104301112
010102104221009
010102104301109
010102104221024
010102104301122
010102104221028
010102104221014
010102104221021
010102104221005
010102104301121
29984CRL30V00000103
010102104301105
010102104221018
010102104221029
010102104221026
010102104301116
010102104301129
010102104221007
010102104301108
010102104301114
29984CRL30V00000172
010102104221004
010102104221030
29984CRL30V00000159
010102104221002
010102104301110
010102104221008
010102104301124
010102104221023
010102104301104
010102104301127
542500000112
010102104301118
010102104301115
010102104221001
010102104221006
010102104221012
010102104301103
010102104221013
542500000127
010102104301113
542500000064
2998499999566
010102104301126
542500000789
542500001552
010102104221020
CRL30VDJ208Z2081
542500001118
375468222
010102104221022
2998499999422
CRL30VDJ208Z2107
542500000129
010102104301102
2998499999601
542500001169
542500000054
CRL30VDJ208Z2071
2998499999275
CRL30VDJ208Z2063
542500000074
542500000133
542500000102
542500001364
010102104301111
542500000135
010102104301119
2998499999283
CRL30VDJ208Z2061
CRL30VDJ208Z2125
542500005687
542500000758
542500000070
010102104301101
542500001496
CRL30VDJ208Z2072
542500001344
542500000058
2998499999457
542500000186
542500000111
2998499999805
2998499999784
542500000092
542500001219
CRL30VDJ7B0014
CRL30VDJ208Z2144
29984CRL30V00000162
010102104301130
010102104221027
29984CRL30V00067535